   1.7214933e+02   4.6604755e+00
   1.4932615e+02   1.8924963e+01
   1.2174814e+02   3.7944279e+01
   8.3709510e+01   7.4080981e+01
   6.4690193e+01   1.2448217e+02
   5.7082467e+01   1.6252080e+02
   5.0425706e+01   2.1957875e+02
   5.6131501e+01   2.7473477e+02
   6.9445022e+01   3.1467533e+02
   9.0366270e+01   3.5746880e+02
   1.1604235e+02   4.0311516e+02
   1.3981649e+02   4.2974220e+02
   1.7119837e+02   4.5636924e+02
   2.0828603e+02   4.7729049e+02
   4.8121322e+02   4.7538856e+02
   5.0974220e+02   4.5922214e+02
   5.4397697e+02   4.3639896e+02
   5.7726077e+02   4.0311516e+02
   6.0388782e+02   3.6412556e+02
   6.2766196e+02   3.1087147e+02
   6.3146582e+02   2.5571545e+02
   6.2861293e+02   2.0911813e+02
   6.2005423e+02   1.6822660e+02
   6.0008395e+02   1.1972734e+02
   5.7916270e+02   7.9786776e+01
   5.5063373e+02   4.6502972e+01
   5.2210475e+02   1.7973997e+01
   5.0213447e+02   2.7585438e+00
   2.1589376e+02   4.7919242e+02
   6.3051486e+02   2.7663670e+02
   6.2861293e+02   2.1387296e+02
   6.1339747e+02   1.5110921e+02
   5.8677043e+02   9.5953195e+01
   5.6109435e+02   6.2669391e+01
   5.3351634e+02   3.2238484e+01
   9.9875929e+01   5.5061664e+01
   7.0395988e+01   1.0736478e+02
   1.6739450e+02   8.4643388e+00
   1.3696360e+02   2.5581724e+01
   6.5641159e+01   1.2353120e+02
